78
65
48
93
113
114
90
115
115
56
71
74
109
1
35
73
108
65
47
89
66
103
79
91
68
116
94
107
54
59
87
98
82
115
114
105
36
98
92
104
102
71
40
54
70
77
51
32
84
63
112
18
103
85
50
34
63
83
77
95
77
83
30
64
116
69
106
52
19
15
85
27
45
41
85
71
79
39
66
16
94
63
7
114
27
101
78
82
87
38
91
37
107
86
76
94
59
69
97
85
62
33
62
104
71
111
102
109
105
115
35
100
93
108
34
74
73
113
101
113
75
98
113
78
98
77
72
111
72
96
33
113
116
116
109
111
26
16
111
38
37
61
24
58
53
40
74
74
52
37
107
98
87
113
54
38
117
37
73
34
45
54
66
22
100
112
115
106
117
108
35
86
56
80
96
62
116
26
93
86
65
42
116
36
86
104
59
48
80
73
113
93
36
99
74
76
51
117
76
109
71
87
117
114
113
77
108
83
14
33
72
98
70
113
79
107
105
112
39
100
52
74
66
100
106
70
51
44
93
74
105
69
97
11
114
34
34
112
36
46
117
102
68
105
81
90
93
79
95
92
78
36
97
99
114
50
110
105
43
72
62
108
67
31
103
8
72
86
34
109
91
53
91
95
43
91
114
110
116
100
57
26
92
109
102
75
33
59
93
95
45
79
108
43
53
23
113
49
105
101
9
48
71
105
114
96
78
47
85
94
43
104
45
82
10
112
30
67
58
52
102
56
39
14
70
116
110
95
65
79
66
90
113
89
116
71
55
56
64
47
94
92
113
48
77
75
82
87
98
90
116
100
60
74
93
36
45
55
114
73
86
109
64
49
117
83
30
24
54
106
27
113
117
85
55
74
112
49
75
83
72
46
111
45
110
111
47
90
93
27
113
87
63
85
103
20
107
108
104
95
12
41
110
85
112
70
101
8
114
94
49
33
117
107
9
87
37
58
40
115
49
114
110
11
71
32
110
108
94
77
104
85
90
114
62
52
110
13
108
110
12
99
76
39
113
34
92
99
32
116
105
73
93
95
101
114
88
76
39
74
65
116
115
97
44
88
110
96
108
48
35
65
110
44
105
94
49
52
68
81
19
78
61
79
57
95
90
65
50
75
65
77
80
90
32
108
24
88
68
68
80
57
44
93
94
107
54
107
105
117
34
46
108
101
87
48
86
117
112
28
72
104
76
47
105
94
27
112
99
90
98
31
99
12
94
109
112
45
85
110
84
80
98
22
88
37
67
84
48
40
78
79
116
39
81
34
