36
36
11
17
47
23
6
23
14
0
20
56
75
0
24
45
26
38
14
25
28
25
19
68
63
95
21
101
10
21
86
85
49
44
108
99
5
51
68
103
15
22
39
8
8
74
30
12
52
51
16
9
27
6
20
5
22
6
5
85
14
57
18
17
112
42
74
42
12
8
50
2
13
14
9
13
35
3
15
1
63
5
0
102
13
52
70
9
44
3
19
28
71
20
49
17
34
16
75
53
11
22
3
26
47
65
7
37
72
16
31
22
41
10
33
38
40
60
43
66
25
28
67
53
49
62
19
26
61
33
19
1
37
12
19
68
15
5
18
9
34
9
11
50
17
23
70
4
33
1
72
48
1
81
5
29
72
35
16
28
43
6
14
3
46
0
24
24
44
85
16
73
6
15
77
54
97
16
68
38
24
5
92
30
55
13
15
27
38
48
87
82
13
16
73
32
13
22
50
4
30
35
66
76
24
32
41
77
10
1
47
72
46
3
27
43
21
25
20
34
14
14
31
37
45
22
41
40
76
61
17
22
88
8
113
26
8
37
28
37
37
90
54
83
78
15
12
72
68
53
33
7
27
23
110
8
74
29
40
34
14
17
65
9
84
1
15
22
14
80
74
1
76
79
41
23
112
98
81
55
27
18
90
35
100
1
23
24
7
77
44
76
59
29
31
1
45
12
104
22
1
7
36
67
58
32
18
24
48
42
10
68
39
48
4
88
22
33
49
32
45
29
33
5
27
84
64
92
9
47
23
24
21
80
3
66
23
54
36
13
20
6
112
9
38
5
77
36
37
18
19
96
15
48
49
20
1
39
14
38
70
3
5
37
19
0
10
15
49
64
1
90
87
81
31
2
96
17
53
48
37
42
58
37
46
47
38
51
89
14
38
85
14
83
96
8
55
71
9
43
6
34
20
55
63
51
0
2
79
28
29
9
78
94
3
81
16
0
18
34
35
66
105
7
24
10
60
97
62
68
66
11
80
56
40
29
66
7
6
6
2
89
19
23
51
12
18
20
6
10
27
72
2
14
65
64
30
31
6
71
49
56
4
48
4
75
65
34
50
26
6
31
50
27
50
9
27
15
21
52
17
63
7
7
22
34
42
47
6
45
26
49
54
71
4
68
0
71
65
4
67
8
35
21
54
77
42
22
42
49
4
19
67
86
37
17
58
53
18
23
5
1
73
26
32
6
16
14
72
67
69
28
48
3
59
27
81
23
32
12
81
64
7
6
52
6
0
20
43
38
47
77
106
10
54
20
