6
19
38
88
98
130
123
127
15
19
23
26
27
28
31
37
38
41
43
49
57
64
65
74
75
88
90
97
98
99
100
103
108
119
123
127
129
130
133
139
143
9
10
11
12
26
33
34
52
61
62
63
64
65
102
107
108
121
122
126
129
133
143
144
10
11
12
15
26
33
34
35
36
37
41
52
57
61
62
63
64
65
74
75
85
90
99
100
102
106
107
108
113
114
119
121
122
126
127
128
129
133
143
144
11
12
121
122
126
12
121
122
126
121
122
126
28
40
43
54
55
57
67
70
75
90
101
127
142
35
73
137
138
17
26
28
37
43
44
57
67
70
72
75
78
86
87
90
99
108
113
114
119
127
139
44
72
28
37
43
44
57
67
70
72
75
78
86
87
90
99
113
114
119
127
139
38
53
88
89
93
98
103
120
130
131
22
48
59
60
61
65
106
108
133
146
48
59
60
61
62
65
94
95
106
108
118
125
133
145
146
26
31
38
41
43
45
49
57
65
74
75
97
98
99
100
108
129
133
139
143
31
34
37
38
41
43
49
52
57
63
64
65
74
75
90
97
98
99
100
102
107
108
114
119
126
127
129
133
139
143
98
103
37
40
43
44
54
55
57
67
70
72
75
78
86
87
90
98
99
101
113
114
119
123
127
139
142
30
47
59
60
64
77
81
84
108
111
115
47
59
60
64
65
74
77
81
84
100
108
111
115
38
41
43
49
57
63
64
65
70
74
75
97
98
99
100
108
129
133
139
143
34
52
63
75
102
107
114
122
126
128
129
37
52
56
57
64
66
67
68
69
75
76
78
79
80
86
101
102
107
108
113
114
122
126
129
140
36
73
90
99
126
137
138
99
126
43
44
57
67
70
72
74
75
78
79
86
87
90
97
98
99
101
108
113
114
119
123
127
139
41
43
49
53
57
65
74
75
88
89
93
97
98
99
100
103
108
120
129
130
131
133
139
143
43
54
55
57
67
70
75
90
101
127
142
43
49
57
61
64
65
74
75
85
97
98
99
100
106
108
129
133
139
143
44
49
54
55
57
65
67
70
72
74
75
78
86
87
90
97
98
99
100
101
108
113
114
119
123
127
129
133
139
142
143
57
67
70
72
75
78
86
87
90
99
113
114
119
127
139
57
61
64
65
70
75
91
92
108
132
50
59
60
64
65
77
81
84
108
111
115
133
141
59
60
61
64
65
106
108
133
146
57
65
74
75
97
98
99
100
108
129
133
139
143
59
64
65
108
111
133
141
64
75
102
