1
1
1
1
1
1
1
1
1
1
1
1
1
3
5
6
6
6
6
6
6
8
9
10
11
12
13
14
15
15
17
19
21
21
21
21
21
21
23
23
23
23
26
26
26
26
26
27
28
29
30
31
34
35
36
37
37
37
37
37
37
37
37
38
40
41
43
44
45
47
48
48
48
48
48
48
48
48
48
49
52
52
52
52
52
52
52
53
53
53
53
53
53
53
53
54
54
54
54
54
54
54
54
54
54
55
55
55
55
55
55
55
55
55
56
56
56
56
56
56
56
56
56
56
56
56
56
56
56
57
57
57
57
57
57
57
57
57
57
57
57
57
57
57
57
57
57
57
57
57
57
57
57
57
57
57
57
57
57
57
57
57
57
57
57
57
59
59
59
59
59
59
59
59
59
59
59
59
59
59
59
59
59
59
59
60
60
60
60
60
60
60
60
60
60
60
60
60
61
61
61
61
61
61
61
61
61
61
61
61
61
61
61
61
61
61
61
61
61
61
62
62
62
62
62
62
62
62
63
63
63
63
63
63
63
63
63
63
63
64
64
64
64
64
64
64
64
64
64
64
64
64
64
64
64
64
64
64
64
64
64
64
64
65
65
65
65
65
65
65
65
65
65
65
65
65
65
65
65
65
65
65
65
65
65
66
66
66
66
66
66
66
66
66
66
66
66
66
67
67
67
67
67
67
67
67
67
67
67
67
67
67
67
67
67
67
67
67
67
67
67
67
68
68
68
68
68
68
68
68
68
68
68
69
69
69
69
69
69
69
69
69
69
70
70
70
70
70
70
70
70
70
70
70
70
70
70
70
70
70
70
70
70
72
72
72
72
72
72
72
72
72
72
72
72
73
73
73
74
74
74
74
74
74
74
74
74
74
74
74
74
74
74
74
74
74
74
74
74
74
74
75
75
75
75
75
75
75
75
75
75
75
75
75
75
75
75
75
75
75
75
75
75
75
75
75
75
75
75
75
75
75
76
76
76
76
76
76
76
76
77
77
77
77
77
78
78
78
78
78
78
78
78
78
78
78
78
78
79
79
79
79
79
79
79
79
79
80
80
80
80
80
81
81
81
81
84
84
84
85
85
86
86
86
86
86
86
86
86
86
86
86
87
87
87
87
87
87
87
87
88
88
88
88
88
88
88
89
89
89
89
89
89
90
90
90
90
90
90
90
90
90
90
90
90
90
91
91
92
93
93
93
93
93
94
94
94
94
94
95
95
95
95
97
97
97
97
97
97
97
97
97
97
98
98
98
98
98
98
98
98
98
98
98
98
98
98
98
99
99
99
99
99
99
99
99
99
99
99
100
100
100
100
100
101
101
101
101
101
102
102
102
102
102
102
102
103
103
103
106
106
106
107
107
107
107
107
107
108
108
108
108
108
108
108
108
108
108
108
108
108
111
111
111
113
113
113
113
113
113
114
114
114
114
114
114
114
114
118
118
118
118
119
119
119
120
120
121
121
122
122
122
123
125
125
126
126
127
127
128
129
129
129
130
133
133
133
133
133
137
139
143
145
