1 9
1 39
2 21
3 5
3 21
5 8
5 34
5 35
5 47
5 48
5 49
5 92
6 26
7 9
9 10
9 11
9 17
9 20
9 29
9 31
9 33
9 37
9 49
9 56
9 63
9 66
9 71
9 72
9 78
9 111
9 112
9 120
9 145
9 149
9 151
9 156
9 157
9 158
9 159
9 162
9 165
12 34
13 19
13 24
13 39
13 48
13 147
14 38
14 60
14 92
14 155
14 180
15 27
16 27
16 45
18 21
19 24
19 39
19 43
19 48
19 89
19 93
19 104
19 115
19 117
21 32
21 34
21 57
21 67
21 68
21 70
21 75
21 101
21 109
21 119
22 35
23 27
23 73
23 77
24 39
24 43
24 89
24 95
24 117
26 27
26 36
26 45
26 49
26 100
27 28
27 30
27 36
27 45
27 59
27 76
27 77
27 83
27 84
27 100
27 103
27 114
27 118
27 132
27 136
27 140
27 142
27 170
27 174
27 175
27 177
28 45
33 80
33 164
34 52
34 127
35 39
35 49
35 160
36 45
36 140
38 41
38 42
38 50
38 122
38 133
39 40
39 43
39 48
39 49
39 53
39 90
39 124
39 128
39 130
39 143
39 147
39 148
40 43
40 48
40 54
40 62
40 88
40 91
40 125
40 126
40 129
40 135
40 161
40 168
40 169
43 48
43 53
43 61
43 64
43 74
43 99
43 124
43 147
43 149
43 161
43 171
44 65
44 110
44 182
45 69
45 140
48 58
48 82
48 116
48 139
48 143
48 144
48 146
48 147
48 150
49 63
49 71
49 158
49 159
49 160
49 178
50 84
51 129
75 102
84 160
118 140
128 147
133 155
143 146
