1 9
1 39
2 21
4 27
5 8
5 34
5 35
5 48
5 49
5 92
7 9
9 11
9 17
9 29
9 31
9 33
9 49
9 55
9 78
9 112
9 149
9 156
13 19
13 24
13 39
13 48
13 147
14 31
14 38
14 60
14 92
14 155
14 180
15 27
19 24
19 39
19 43
19 48
19 89
19 93
19 104
19 115
19 172
21 34
21 57
22 35
23 27
24 39
24 43
24 89
24 95
26 36
27 28
27 36
27 45
27 59
27 77
27 118
27 132
27 140
27 170
28 45
33 164
34 41
34 52
34 152
34 153
35 49
35 160
38 50
38 133
39 43
39 48
39 49
39 53
39 90
39 130
39 143
39 147
40 43
40 48
40 125
43 48
43 53
43 61
43 74
43 124
43 147
43 161
43 171
44 65
44 110
44 182
45 118
45 140
48 82
48 139
48 143
48 144
48 146
49 50
49 63
49 71
49 158
49 159
49 160
50 137
50 152
50 154
84 160
118 140
133 155
143 146
