1 2
1 3
2 3
4 5
4 6
4 7
4 8
4 9
4 10
4 12
4 13
5 6
5 7
5 8
5 9
5 10
6 7
6 8
6 9
6 10
6 12
6 13
6 26
6 29
7 8
7 9
7 10
7 12
7 13
7 26
7 29
8 9
8 10
9 10
11 12
11 13
11 14
11 15
11 16
12 13
12 14
12 15
12 16
12 19
12 26
12 29
12 86
13 14
13 15
13 16
13 19
13 22
13 26
13 29
13 85
13 86
13 87
13 88
14 15
14 16
14 86
15 16
15 86
16 86
17 18
19 20
19 21
19 22
19 23
19 24
19 26
19 28
19 30
19 32
19 35
19 36
19 44
19 48
19 59
19 60
19 61
19 64
19 65
19 66
19 72
19 77
19 101
20 21
20 24
20 26
20 33
20 34
20 35
20 36
20 89
23 24
23 30
23 31
23 32
23 61
23 64
23 73
23 76
23 77
23 78
23 79
23 99
23 100
24 25
24 26
24 35
24 36
24 101
26 27
26 28
26 29
26 35
26 36
26 101
27 28
28 30
28 39
28 44
28 45
28 46
28 48
28 52
28 62
28 65
28 69
28 71
28 90
28 98
30 31
30 44
30 48
30 52
30 55
30 65
30 69
30 72
30 76
30 77
33 34
34 89
35 36
35 101
37 38
37 46
37 47
37 48
37 49
37 69
37 92
37 93
38 68
39 90
39 94
40 41
40 42
40 43
40 48
40 49
40 50
40 51
41 42
41 43
42 43
44 45
44 48
44 52
44 62
44 65
44 69
45 48
46 47
46 48
46 49
46 51
46 52
46 55
46 56
46 69
46 90
46 95
47 48
47 49
48 49
48 50
48 51
48 52
48 55
48 56
48 69
48 90
48 91
48 94
49 50
49 51
49 52
49 69
49 90
49 94
49 96
50 51
51 52
51 90
51 91
52 53
52 54
52 55
52 90
53 54
53 97
55 69
55 71
57 58
59 60
62 63
62 67
64 65
64 73
65 69
69 70
69 71
69 80
69 84
69 90
69 98
71 90
71 94
71 98
74 75
76 77
76 78
77 78
77 79
77 99
80 81
80 82
80 83
80 84
81 82
81 83
82 83
85 86
85 87
85 88
86 87
86 88
87 88
90 94
90 95
90 96
92 93
94 96
