1 2
1 90
1 91
1 92
3 48
4 5
4 6
4 9
4 11
4 13
4 14
4 15
4 16
4 29
4 30
4 34
4 39
4 47
4 49
4 50
4 51
4 55
4 57
4 72
4 74
4 79
4 87
4 88
4 93
4 100
5 7
5 89
7 12
8 47
10 17
10 19
10 21
10 25
10 36
10 38
10 45
10 66
10 73
10 83
10 85
11 19
11 21
11 25
11 27
11 32
11 33
11 46
11 86
17 21
17 30
17 95
18 20
19 21
19 67
19 86
20 21
20 25
20 27
20 36
20 37
21 22
21 23
21 24
21 25
21 27
21 28
21 36
21 43
21 44
21 45
21 68
21 69
21 70
21 82
21 94
21 98
23 28
26 71
27 36
27 37
28 72
29 40
29 41
29 56
30 31
30 34
30 35
30 38
30 40
30 42
30 52
30 64
30 75
30 76
30 77
30 78
30 80
30 81
30 89
33 40
36 38
36 45
36 96
36 97
36 98
36 99
37 41
40 59
40 60
40 61
40 62
40 63
41 61
41 84
47 65
53 54
56 57
56 58
90 91
