9
39
21
5
21
8
34
35
47
48
49
92
26
9
10
11
17
20
29
31
33
37
49
56
63
66
71
72
78
111
112
120
145
149
151
156
157
158
159
162
165
34
19
24
39
48
147
38
60
92
155
180
27
27
45
21
24
39
43
48
89
93
104
115
117
32
34
57
67
68
70
75
101
109
119
35
27
73
77
39
43
89
95
117
27
36
45
49
100
28
30
36
45
59
76
77
83
84
100
103
114
118
132
136
140
142
170
174
175
177
45
80
164
52
127
39
49
160
45
140
41
42
50
122
133
40
43
48
49
53
90
124
128
130
143
147
148
43
48
54
62
88
91
125
126
129
135
161
168
169
48
53
61
64
74
99
124
147
149
161
171
65
110
182
69
140
58
82
116
139
143
144
146
147
150
63
71
158
159
160
178
84
129
102
160
140
147
155
146
