1
1
2
3
3
5
5
5
5
5
5
5
6
7
9
9
9
9
9
9
9
9
9
9
9
9
9
9
9
9
9
9
9
9
9
9
9
9
9
9
9
12
13
13
13
13
13
14
14
14
14
14
15
16
16
18
19
19
19
19
19
19
19
19
19
21
21
21
21
21
21
21
21
21
21
22
23
23
23
24
24
24
24
24
26
26
26
26
26
27
27
27
27
27
27
27
27
27
27
27
27
27
27
27
27
27
27
27
27
27
28
33
33
34
34
35
35
35
36
36
38
38
38
38
38
39
39
39
39
39
39
39
39
39
39
39
39
40
40
40
40
40
40
40
40
40
40
40
40
40
43
43
43
43
43
43
43
43
43
43
43
44
44
44
45
45
48
48
48
48
48
48
48
48
48
49
49
49
49
49
49
50
51
75
84
118
128
133
143
