1
2
3
4
5
6
7
8
9
10
11
12
13
14
17
18
19
20
21
22
23
24
25
26
27
28
29
30
31
32
33
34
35
37
38
39
40
41
42
43
44
48
49
52
53
54
55
56
57
58
60
61
62
63
64
65
66
67
68
69
70
71
72
73
74
75
76
77
78
79
80
81
82
83
84
85
87
89
90
91
92
93
94
95
96
97
98
99
100
101
102
103
105
106
107
108
110
111
112
113
114
115
116
117
2
4
5
6
7
8
9
10
11
12
13
15
16
17
18
19
20
21
22
23
24
25
26
27
28
30
31
32
33
34
35
36
37
38
39
40
41
42
43
44
45
46
47
48
49
50
51
52
53
54
55
56
57
58
60
61
62
63
64
65
66
67
68
69
70
72
73
74
75
76
77
78
79
81
82
83
84
85
86
87
88
89
90
91
92
93
94
95
96
97
98
99
100
101
102
104
105
106
107
108
109
110
111
112
113
114
115
116
117
3
4
5
6
7
8
9
10
11
12
13
14
15
16
17
18
19
21
22
23
24
25
26
27
28
29
30
31
32
33
34
35
36
37
38
39
40
41
42
43
44
45
46
47
48
49
50
51
52
53
54
55
56
57
58
59
60
61
62
63
64
65
66
67
68
69
70
71
72
73
74
75
76
77
78
79
80
81
82
83
84
85
86
87
88
89
90
91
92
93
94
95
96
98
99
101
102
103
104
105
106
107
108
109
110
111
112
113
114
115
116
117
4
5
6
7
8
9
10
12
13
15
16
21
22
24
25
26
27
30
33
34
35
38
39
41
42
43
45
46
47
48
49
52
53
54
55
56
57
58
61
62
63
64
65
66
67
68
69
70
74
75
77
78
83
84
86
87
89
90
91
92
95
96
98
99
101
105
108
109
111
112
113
114
115
116
117
9
10
11
12
13
14
15
16
17
19
20
21
22
23
26
27
28
29
30
31
32
33
34
35
36
37
38
40
41
42
43
44
46
52
53
54
55
56
57
58
59
60
61
62
63
64
65
66
67
68
69
70
71
72
73
74
75
76
77
78
79
80
81
82
83
85
86
89
90
91
92
93
94
97
98
100
101
103
105
106
108
109
110
112
113
114
115
116
117
9
10
12
13
14
15
16
17
19
20
21
22
23
29
30
32
33
34
35
36
37
38
40
41
42
43
46
52
53
54
55
56
57
58
61
62
63
64
65
66
67
69
70
71
72
74
75
76
77
78
79
80
83
85
89
92
94
97
98
103
105
106
108
109
110
112
113
114
115
116
117
9
10
11
12
13
14
15
16
17
19
20
21
22
23
24
25
26
27
28
29
30
31
32
33
34
35
36
37
38
39
40
41
42
43
44
45
46
47
48
49
50
51
52
53
54
55
56
57
58
59
60
61
62
63
64
65
66
67
68
69
70
71
72
73
74
75
76
77
78
79
80
81
82
83
84
85
86
87
88
89
90
91
92
93
94
97
98
100
101
102
103
104
105
106
107
108
109
110
111
112
113
114
115
116
117
9
10
11
12
13
14
15
16
17
19
20
21
22
23
24
25
26
27
28
29
30
31
32
33
34
35
36
37
38
39
40
41
42
43
44
45
46
47
48
49
50
51
52
53
54
55
56
57
58
59
60
61
62
63
64
65
66
67
68
69
70
71
72
73
74
75
76
77
78
79
80
81
82
83
84
85
86
87
88
89
90
91
92
93
94
97
98
100
101
102
103
104
105
106
107
108
109
110
111
112
113
114
115
116
117
9
10
11
12
13
14
15
16
17
19
20
21
22
23
24
25
26
27
28
29
30
31
32
33
34
35
36
37
38
39
40
41
42
43
44
45
46
47
48
49
50
51
52
53
54
55
56
57
58
59
60
61
62
63
64
65
66
67
68
69
70
71
72
73
74
75
76
77
78
79
80
81
82
83
84
85
86
87
88
89
90
91
92
93
94
97
98
100
101
102
103
104
105
106
107
108
109
110
111
112
113
114
115
116
117
10
11
12
13
14
15
16
17
18
19
21
22
23
24
25
26
27
28
29
31
33
34
35
36
37
38
39
40
43
45
46
47
48
49
50
51
52
54
55
57
58
59
61
62
63
64
65
66
67
68
69
70
71
72
74
75
76
77
78
79
81
82
84
85
86
87
88
89
90
91
92
93
94
95
96
97
98
99
101
102
103
104
105
106
107
108
109
110
111
113
114
115
116
117
11
12
13
14
15
16
17
18
19
20
21
22
23
24
25
27
28
29
30
31
32
33
34
35
36
37
38
39
40
41
42
43
44
45
46
47
48
49
50
51
52
53
54
55
56
57
60
61
62
63
64
65
66
67
68
69
70
71
72
73
74
75
76
77
78
79
80
81
82
83
84
85
86
87
88
89
90
91
92
93
94
95
96
97
98
99
100
101
102
103
104
106
107
108
109
110
111
112
114
115
116
117
14
15
16
17
19
21
22
23
24
25
26
27
29
30
31
34
35
36
37
38
39
40
41
42
43
45
46
47
48
49
50
51
52
54
55
58
61
62
64
65
66
67
68
71
72
74
75
76
77
78
79
80
82
83
84
85
86
87
89
92
94
95
96
97
98
99
101
102
103
104
105
107
108
109
110
111
112
113
114
115
116
117
13
14
15
16
17
18
19
20
21
22
23
24
25
26
27
28
29
30
31
32
34
35
36
37
38
39
40
41
42
43
44
45
46
47
48
49
50
51
52
53
54
55
56
58
59
60
61
62
63
64
65
66
67
68
69
70
71
72
73
74
75
76
77
78
79
80
81
82
83
84
85
86
87
88
89
90
91
92
93
94
95
96
97
98
99
100
101
102
103
104
105
106
107
108
109
110
111
112
113
114
115
116
117
14
15
16
17
18
19
21
22
23
24
25
26
27
29
30
31
34
35
36
37
38
39
40
41
42
43
45
46
47
48
49
50
51
52
54
55
58
61
62
64
65
66
67
68
71
72
74
75
76
77
78
79
80
82
83
84
85
86
87
88
89
92
94
95
96
97
98
99
101
102
103
104
105
107
108
109
110
111
112
113
114
115
116
117
15
16
17
18
19
20
21
22
23
24
25
26
27
28
30
31
32
33
34
35
36
37
38
39
41
42
43
44
45
46
47
48
49
50
51
52
53
54
55
56
57
58
60
61
62
63
64
65
66
67
68
69
70
73
74
75
77
78
79
81
82
83
84
86
87
88
89
90
91
92
93
95
96
97
98
99
100
101
102
104
105
106
107
108
109
111
112
113
114
115
116
117
17
18
19
20
21
22
23
24
25
26
27
28
29
30
31
32
33
34
35
37
38
39
40
41
42
43
44
49
50
52
53
54
55
56
57
58
59
60
61
62
63
64
65
66
67
68
69
70
71
72
73
74
75
76
79
80
81
82
83
84
85
87
89
90
91
93
94
95
96
97
99
100
101
102
103
105
106
107
110
111
112
113
114
115
116
117
17
18
19
20
21
22
23
24
25
26
27
28
29
30
31
32
33
34
35
37
38
39
40
41
42
43
44
49
50
52
53
54
55
56
57
58
59
60
61
62
63
64
65
66
67
68
69
70
71
72
73
74
75
76
79
80
81
82
83
84
85
87
89
90
91
93
94
95
96
97
99
100
101
102
103
105
106
107
110
111
112
113
114
115
116
117
19
20
21
22
24
25
26
27
28
30
33
35
36
38
39
40
41
42
43
45
46
47
48
49
52
53
54
55
56
57
58
61
62
63
64
65
66
67
68
69
70
71
72
73
76
77
78
83
84
85
86
87
89
90
91
92
93
94
95
96
97
98
99
100
101
103
105
108
109
110
111
112
113
115
116
117
19
20
21
22
26
27
30
33
34
35
36
38
40
41
42
43
45
46
48
52
53
54
55
56
57
58
61
62
63
64
65
66
67
68
69
70
71
72
74
75
76
77
78
83
85
86
89
90
92
94
97
98
103
105
108
109
110
111
112
113
114
115
116
117
20
21
22
23
24
25
26
27
28
29
30
31
32
33
34
35
37
38
39
40
41
42
43
44
45
46
47
48
49
50
51
52
53
54
55
56
57
58
59
60
61
62
63
64
65
66
67
68
69
70
71
72
73
74
75
76
77
78
79
81
82
83
84
86
87
88
89
90
91
92
93
94
95
96
97
98
99
100
101
102
103
104
105
106
107
108
109
110
111
112
113
114
115
116
117
21
22
23
24
25
26
27
29
31
34
35
36
37
38
39
40
43
45
46
47
48
49
50
51
52
54
55
58
61
62
64
65
66
67
68
71
72
74
75
76
77
78
79
82
84
85
86
87
88
89
92
94
95
96
98
99
101
102
103
104
105
107
108
109
110
111
113
114
115
116
117
23
24
25
26
27
28
29
30
31
32
33
34
37
38
39
40
41
42
43
44
47
48
49
51
52
53
54
55
56
57
58
59
60
61
63
64
65
68
69
70
71
72
73
74
75
76
77
78
79
80
81
82
83
84
85
86
87
90
91
92
93
94
95
96
97
98
99
100
101
102
103
104
105
106
107
108
109
110
111
112
113
114
116
117
23
24
25
26
27
28
29
30
31
32
33
34
37
38
39
40
41
42
43
44
47
48
49
52
53
54
55
56
57
58
60
61
63
64
65
68
69
70
71
72
73
74
75
76
77
78
79
80
81
83
84
85
86
87
90
91
92
93
94
95
96
97
98
99
100
101
102
103
104
105
106
107
108
109
110
111
112
113
114
116
117
24
25
26
27
28
30
33
34
35
36
38
39
40
41
42
43
45
46
48
52
53
54
55
57
58
61
62
63
64
65
66
67
68
69
70
71
72
73
74
75
76
77
78
83
84
85
86
87
89
90
91
92
93
94
95
96
97
98
99
100
101
103
105
108
109
110
111
112
113
114
115
116
117
26
27
28
29
30
31
32
33
34
35
36
37
38
40
41
42
43
44
45
46
47
48
50
51
52
53
54
55
56
57
58
59
61
62
63
64
65
66
67
68
69
70
71
72
73
74
75
76
77
78
79
80
81
82
83
85
86
88
89
90
92
93
94
95
97
98
100
103
104
105
106
107
108
109
110
111
112
113
114
115
116
117
26
27
29
30
31
32
33
34
35
36
37
38
40
41
42
45
46
48
49
51
56
57
58
59
62
66
67
68
70
71
72
73
74
75
76
77
78
79
80
81
82
85
86
89
92
93
94
95
97
98
100
101
103
104
105
106
107
108
109
110
111
112
113
114
115
117
28
29
30
31
32
33
34
35
36
37
38
39
40
41
42
43
44
45
46
47
48
49
50
51
52
53
54
55
56
57
60
61
62
63
64
65
66
67
68
69
70
71
72
74
75
76
77
78
79
80
82
83
84
85
86
87
88
89
90
91
92
93
94
95
96
97
98
100
101
102
103
104
106
107
108
109
110
111
112
114
115
116
117
28
29
30
31
32
33
34
35
36
37
38
39
40
41
42
43
44
45
46
47
48
49
50
51
52
53
54
55
56
57
58
59
60
61
62
63
64
65
66
67
68
69
70
71
72
74
75
76
77
78
79
80
82
83
84
85
86
87
88
89
90
91
92
93
94
95
96
97
98
100
101
102
103
104
105
106
107
108
109
110
111
112
113
114
115
116
117
29
30
31
34
35
36
37
38
39
40
41
42
45
46
47
48
49
50
58
62
66
67
68
71
72
74
75
76
77
78
82
84
85
86
87
89
92
94
95
96
98
99
101
102
103
104
105
107
108
109
110
111
112
113
114
115
117
30
33
34
35
36
38
39
41
42
43
45
46
47
48
49
52
53
54
55
56
57
58
61
62
63
64
65
66
67
68
69
70
73
74
75
77
78
83
84
86
87
89
90
91
92
93
95
96
97
98
99
100
101
105
108
109
111
112
113
114
115
116
117
31
33
34
35
36
37
38
39
40
43
45
46
47
48
49
50
51
52
54
55
57
58
59
61
62
63
64
65
66
67
68
69
70
71
72
74
75
76
77
78
79
81
82
84
85
86
87
88
89
90
91
92
93
94
95
96
97
98
99
101
102
103
104
105
106
107
108
109
110
111
113
114
115
116
117
33
34
35
36
38
39
40
41
42
43
46
48
49
52
53
54
55
56
57
58
61
62
63
64
65
66
67
69
70
71
72
73
74
75
76
77
78
83
84
85
87
89
90
91
92
93
94
95
96
97
98
99
100
101
103
105
108
109
110
111
112
113
114
115
116
117
34
35
36
38
39
40
43
45
46
47
48
49
52
54
55
58
61
62
64
65
66
67
68
71
72
74
75
76
77
78
84
85
86
87
89
92
94
95
96
98
99
101
103
105
108
109
110
111
113
114
115
116
117
34
35
36
37
38
39
40
41
42
43
45
46
47
48
49
50
51
52
54
55
58
61
62
64
65
66
67
68
71
72
74
75
76
77
78
79
80
82
83
84
85
86
87
88
89
92
94
95
96
97
98
99
101
102
103
104
105
107
108
109
110
111
112
113
114
115
116
117
35
36
37
38
39
40
41
42
43
45
48
49
52
53
54
55
57
58
59
61
62
63
64
65
66
67
68
69
70
71
72
73
76
77
78
79
80
81
82
83
84
85
86
87
89
90
91
92
93
94
95
96
97
98
99
100
101
102
103
104
105
106
107
108
109
110
111
112
113
115
116
117
37
39
40
41
42
43
44
47
48
49
52
53
54
55
56
57
58
59
60
61
63
64
65
68
69
70
71
72
73
74
75
76
77
78
79
80
81
82
83
84
85
86
87
90
91
92
93
94
95
96
97
98
99
100
101
102
103
105
106
107
108
109
110
111
112
113
114
116
37
39
40
41
42
43
44
48
49
52
53
54
55
56
57
58
59
60
61
63
64
65
68
69
70
71
72
73
74
75
76
77
78
79
81
82
83
84
87
90
91
92
93
94
95
96
97
98
99
100
101
102
103
105
106
107
108
110
111
112
113
114
116
38
39
40
41
42
43
45
46
47
48
49
52
53
54
55
56
57
58
61
62
63
64
65
66
67
68
69
70
71
72
73
74
75
76
77
78
83
84
85
86
87
89
90
91
92
93
94
95
96
97
98
99
100
101
103
105
108
109
110
111
112
113
114
115
116
117
39
40
41
42
43
44
46
47
48
49
52
53
54
55
56
57
58
59
60
61
62
63
64
65
66
67
68
69
70
71
72
73
74
75
76
77
78
79
80
81
82
83
84
85
86
87
90
91
92
93
94
95
96
97
98
99
100
101
102
103
105
106
107
108
109
110
111
112
113
114
115
116
40
41
42
43
44
45
46
48
49
51
52
53
54
55
56
57
58
59
61
62
63
64
65
66
67
68
69
70
71
72
73
74
75
76
77
78
79
80
81
82
83
85
86
89
90
92
93
94
95
97
98
100
101
103
104
105
106
107
108
109
110
111
112
113
114
115
116
117
41
42
43
44
45
46
47
48
49
50
51
52
53
54
55
56
57
58
59
60
61
62
63
64
65
66
67
68
69
70
73
74
75
77
78
79
81
82
83
84
86
87
88
89
90
91
92
93
95
96
97
98
99
100
101
102
104
105
106
107
108
109
111
112
113
114
115
116
117
43
45
46
47
48
49
50
51
52
54
55
57
58
59
61
62
63
64
65
66
67
68
69
70
71
72
74
75
76
77
78
79
81
82
84
85
86
87
88
89
90
91
92
93
94
95
96
97
98
99
101
102
103
104
105
106
107
108
109
110
111
113
114
115
116
117
43
45
46
47
48
49
50
51
52
54
55
57
58
59
61
62
63
64
65
66
67
68
69
70
71
72
74
75
76
77
78
79
81
82
84
85
86
87
88
89
90
91
92
93
94
95
96
97
98
99
101
102
103
104
105
106
107
108
109
110
111
113
114
115
116
117
45
46
47
48
49
50
51
56
57
58
59
62
66
67
68
70
71
72
73
74
75
76
77
78
79
80
81
82
84
85
86
87
88
89
92
93
94
95
96
97
98
99
100
101
102
103
104
105
106
107
108
109
110
111
112
113
114
115
117
45
46
47
48
49
58
62
66
67
68
71
72
76
77
78
84
85
86
87
89
92
94
95
96
98
99
101
103
105
108
109
110
111
113
115
117
52
53
54
55
56
57
58
59
60
61
63
64
65
69
70
71
72
73
74
75
76
77
78
79
80
81
82
83
84
85
87
90
91
92
93
94
95
96
97
98
99
100
101
102
103
105
106
108
110
112
113
114
116
48
49
52
53
54
55
57
58
59
60
61
63
64
65
68
69
70
71
72
73
74
75
76
77
78
79
80
81
82
83
84
85
87
90
91
92
93
94
95
96
97
98
99
100
101
102
103
105
106
107
108
110
111
112
113
114
116
117
48
49
52
54
55
57
58
61
62
63
65
66
67
70
71
72
74
75
76
77
78
79
80
81
82
83
85
89
92
93
94
95
96
98
101
103
105
106
107
108
110
111
112
113
114
115
116
117
50
52
53
54
55
56
57
58
59
60
61
62
63
64
65
66
67
68
69
70
71
72
73
74
75
76
77
78
79
80
81
82
83
84
85
86
87
89
90
91
93
94
95
96
97
98
99
100
101
102
103
105
106
108
110
112
113
114
115
116
117
50
52
53
54
55
56
57
58
59
60
61
62
63
64
65
66
67
68
69
70
71
72
73
74
75
76
77
78
79
80
81
82
83
85
86
89
90
91
92
93
94
95
97
98
100
103
105
106
108
109
110
112
113
114
115
116
117
52
53
54
55
57
58
61
63
64
65
69
70
71
72
73
74
75
76
77
78
83
85
90
91
92
93
94
95
96
97
98
100
101
103
105
108
109
110
111
112
113
114
116
52
53
54
55
57
58
61
62
63
64
65
66
67
69
70
71
72
74
75
76
77
78
83
84
85
87
90
91
94
95
96
97
98
99
101
103
105
108
110
112
113
114
115
116
56
57
58
59
62
66
67
68
70
71
72
73
74
75
76
77
78
79
80
81
82
84
85
86
87
88
89
92
93
94
95
96
97
98
99
100
101
102
103
104
105
106
107
108
109
110
111
112
113
114
115
117
58
62
66
67
68
71
72
74
75
76
77
78
79
82
84
85
86
87
88
89
92
94
95
96
98
99
101
102
103
104
105
107
108
109
110
111
113
114
115
117
56
57
58
59
62
66
67
68
70
71
72
73
74
75
76
77
78
79
80
81
82
84
85
86
87
88
89
92
93
94
95
96
97
98
99
100
101
102
103
104
105
106
107
108
109
110
111
112
113
114
115
117
56
57
58
59
62
66
67
68
70
71
72
73
74
75
76
77
78
79
80
81
82
84
85
86
87
88
89
92
93
94
95
96
97
98
99
100
101
102
103
104
105
106
107
108
109
110
111
112
113
114
115
117
58
61
62
65
66
67
68
71
72
74
75
76
77
78
82
84
85
86
87
89
92
94
95
96
98
99
101
102
103
104
105
107
108
109
110
111
113
114
115
116
117
58
61
62
64
65
66
67
68
71
72
74
75
76
77
78
79
80
82
83
84
85
86
87
88
89
92
94
95
96
97
98
99
101
102
103
104
105
107
108
109
110
111
112
113
114
115
116
117
60
61
62
63
64
65
66
67
68
69
70
71
72
73
74
75
76
77
78
79
80
81
82
83
84
85
86
87
88
89
90
91
92
93
94
95
96
97
98
99
100
101
102
103
104
106
107
108
109
110
111
112
114
115
116
117
61
62
64
65
66
67
68
72
74
75
76
77
78
83
84
85
86
87
89
92
94
95
96
98
99
101
108
109
110
111
112
114
115
116
117
62
66
67
68
71
72
76
77
78
85
86
89
92
94
95
98
101
103
105
108
109
110
111
113
115
117
62
66
67
68
70
71
72
73
74
75
76
77
78
79
80
81
82
84
85
86
87
88
89
92
93
94
95
96
97
98
99
100
101
102
103
104
105
106
107
108
109
110
111
112
113
114
115
117
63
64
65
68
69
70
71
72
73
74
75
76
77
78
79
80
81
82
83
84
85
86
87
90
91
92
93
94
95
96
97
98
99
100
101
102
103
104
105
106
107
108
109
110
111
112
113
114
116
117
66
67
68
71
72
74
75
76
77
78
79
80
82
84
85
86
87
88
89
92
94
95
96
97
98
99
101
102
103
104
105
107
108
109
110
111
112
113
114
115
117
66
67
68
70
71
72
74
75
76
77
78
79
80
81
82
84
85
86
87
88
89
92
93
94
95
96
98
99
101
102
103
104
105
106
107
108
109
110
111
112
113
114
115
117
66
67
68
70
71
72
73
74
75
76
77
78
79
80
81
82
84
85
86
87
88
89
92
93
94
95
96
97
98
99
100
101
102
103
104
105
106
107
108
109
110
111
112
113
114
115
117
68
69
70
71
72
73
74
75
76
77
78
79
80
81
82
83
84
85
86
87
90
91
92
93
94
95
96
97
98
99
100
101
102
103
104
105
106
107
108
109
110
111
112
113
114
116
117
68
69
70
71
72
73
74
75
76
77
78
79
80
81
82
83
84
85
86
87
90
91
92
93
94
95
96
97
98
99
100
101
102
103
104
105
106
107
108
109
110
111
112
113
114
116
117
69
70
71
72
73
74
75
76
77
78
79
80
81
82
83
84
85
87
89
90
91
92
93
94
95
96
97
98
99
100
101
102
103
104
105
106
107
108
109
110
111
112
113
114
115
116
117
71
72
74
75
76
77
78
79
80
82
84
85
86
87
88
89
92
94
95
96
98
99
101
102
103
104
105
107
108
109
110
111
112
113
114
115
117
71
72
74
75
76
77
78
80
82
83
84
85
86
87
88
89
92
94
95
96
97
98
99
101
102
103
104
105
107
108
109
110
111
112
113
114
115
116
117
73
74
75
77
78
79
81
82
83
84
86
87
88
89
90
91
92
93
95
96
97
98
99
100
101
102
104
105
106
107
108
109
111
112
113
114
115
116
117
73
74
75
77
78
79
81
82
83
84
86
87
88
89
90
91
92
93
95
96
97
98
99
100
101
102
104
105
106
107
108
109
111
112
113
114
115
116
117
74
75
76
77
78
82
84
85
86
87
89
92
94
95
96
98
101
102
103
104
105
107
108
109
110
111
113
114
115
116
117
76
77
78
79
80
81
82
83
84
85
86
87
88
89
90
91
92
93
94
95
96
97
98
99
100
101
102
103
104
105
106
107
108
109
110
111
112
113
115
116
117
76
77
78
79
80
81
82
83
84
85
86
87
88
89
90
91
92
93
94
95
96
97
98
99
100
101
102
103
104
105
106
107
108
109
110
111
112
113
115
116
117
77
78
79
81
82
83
84
86
87
88
89
90
91
92
93
95
96
97
98
99
100
101
102
104
105
106
107
108
109
111
112
113
114
115
116
117
79
80
81
82
83
84
85
86
87
88
89
90
91
93
94
95
96
97
99
100
101
102
103
104
105
106
107
110
111
112
113
114
115
116
117
79
80
81
82
83
84
85
86
87
88
89
90
91
93
94
95
96
97
99
100
101
102
103
104
105
106
107
110
111
112
113
114
115
116
117
83
84
85
86
87
89
90
91
92
94
95
96
97
98
99
101
103
105
108
109
110
111
112
113
114
115
116
117
84
86
87
89
90
91
92
95
96
97
98
99
101
105
108
109
111
113
114
115
116
117
83
84
85
86
87
89
92
94
95
96
97
98
101
103
105
108
109
110
111
112
113
114
115
116
117
83
84
85
86
87
89
90
91
92
93
94
95
96
97
98
99
100
101
103
105
108
109
110
111
112
113
114
115
116
117
84
85
86
87
88
89
92
93
94
95
96
97
98
99
101
102
103
104
105
106
107
108
109
110
111
113
114
115
117
85
86
89
90
92
93
94
95
97
98
100
103
104
105
106
107
108
109
110
111
112
113
114
115
116
117
86
87
88
89
90
91
92
93
95
96
97
98
99
100
101
102
104
105
106
107
108
109
111
112
113
114
115
116
117
87
89
90
91
92
93
94
95
96
97
98
99
100
101
102
103
105
106
107
108
110
111
112
113
114
115
116
117
89
90
92
93
94
95
97
98
100
103
104
105
106
107
108
109
110
111
112
113
114
115
116
117
90
91
94
95
96
97
98
101
103
105
108
110
112
113
114
116
90
91
92
93
94
95
96
97
98
99
100
101
102
103
105
106
107
108
109
110
111
112
113
114
116
92
94
95
96
98
99
101
102
103
104
105
107
108
109
110
111
112
113
114
115
117
92
94
95
98
101
103
104
105
107
108
109
110
111
112
113
114
115
117
93
94
95
96
97
99
100
101
102
103
105
106
107
110
111
112
113
114
115
116
117
94
95
96
98
99
101
102
103
104
105
107
108
109
110
111
112
113
114
115
116
117
95
96
97
98
99
100
101
102
104
105
106
107
108
109
111
112
113
114
115
116
117
97
98
100
101
102
103
104
105
106
107
108
109
110
111
112
113
114
115
116
117
97
98
100
103
104
105
106
107
108
109
110
111
112
113
114
115
116
117
98
99
101
102
103
104
105
106
107
108
109
110
111
112
113
114
115
116
117
99
100
101
102
103
104
105
106
107
110
111
112
113
114
115
116
117
100
103
104
105
106
107
108
109
110
111
112
113
114
115
116
117
101
102
103
104
105
107
108
109
110
111
113
114
115
116
117
103
104
105
106
107
108
109
110
111
112
113
114
115
116
117
103
105
108
109
110
111
112
113
114
115
116
117
104
105
106
107
108
109
111
112
113
114
115
116
117
105
108
110
112
113
114
115
116
106
107
108
109
110
111
112
114
115
116
117
108
109
110
111
112
113
114
115
116
117
108
109
110
112
113
114
115
116
117
110
111
112
113
114
115
116
117
110
111
112
113
114
115
116
117
111
112
113
114
115
116
117
112
113
114
115
116
117
113
114
115
116
117
114
115
116
117
115
116
117
116
117
117
