2
3
3
5
6
7
8
9
10
12
13
6
7
8
9
10
7
8
9
10
12
13
26
29
8
9
10
12
13
26
29
9
10
10
12
13
14
15
16
13
14
15
16
19
26
29
86
14
15
16
19
22
26
29
85
86
87
88
15
16
86
16
86
86
18
20
21
22
23
24
26
28
30
32
35
36
44
48
59
60
61
64
65
66
72
77
101
21
24
26
33
34
35
36
89
24
30
31
32
61
64
73
76
77
78
79
99
100
25
26
35
36
101
27
28
29
35
36
101
28
30
39
44
45
46
48
52
62
65
69
71
90
98
31
44
48
52
55
65
69
72
76
77
34
89
36
101
38
46
47
48
49
69
92
93
68
90
94
41
42
43
48
49
50
51
42
43
43
45
48
52
62
65
69
48
47
48
49
51
52
55
56
69
90
95
48
49
49
50
51
52
55
56
69
90
91
94
50
51
52
69
90
94
96
51
52
90
91
53
54
55
90
54
97
69
71
58
60
63
67
65
73
69
70
71
80
84
90
98
90
94
98
75
77
78
78
79
99
81
82
83
84
82
83
83
86
87
88
87
88
88
94
95
96
93
96
