1
1
2
4
4
4
4
4
4
4
4
5
5
5
5
5
6
6
6
6
6
6
6
6
7
7
7
7
7
7
7
8
8
9
11
11
11
11
11
12
12
12
12
12
12
12
12
13
13
13
13
13
13
13
13
13
13
13
14
14
14
15
15
16
17
19
19
19
19
19
19
19
19
19
19
19
19
19
19
19
19
19
19
19
19
19
19
20
20
20
20
20
20
20
20
23
23
23
23
23
23
23
23
23
23
23
23
23
24
24
24
24
24
26
26
26
26
26
26
27
28
28
28
28
28
28
28
28
28
28
28
28
28
30
30
30
30
30
30
30
30
30
30
33
34
35
35
37
37
37
37
37
37
37
37
38
39
39
40
40
40
40
40
40
40
41
41
42
44
44
44
44
44
44
45
46
46
46
46
46
46
46
46
46
46
47
47
48
48
48
48
48
48
48
48
48
48
49
49
49
49
49
49
49
50
51
51
51
52
52
52
52
53
53
55
55
57
59
62
62
64
64
65
69
69
69
69
69
69
71
71
71
74
76
76
77
77
77
80
80
80
80
81
81
82
85
85
85
86
86
87
90
90
90
92
94
