3
4
5
6
7
8
9
10
11
12
13
14
15
16
17
18
19
20
21
22
23
24
25
26
27
28
29
30
31
32
33
34
35
36
37
38
39
40
41
42
43
44
45
46
3
5
6
7
8
9
11
12
13
14
15
16
17
18
19
20
21
22
23
24
25
26
27
28
29
30
31
32
33
34
35
36
37
38
39
40
41
42
43
44
45
46
3
4
5
6
7
8
9
10
11
12
13
14
15
16
17
18
19
20
21
22
23
24
25
26
27
28
29
30
31
32
33
34
35
36
37
38
39
40
41
42
43
44
45
46
4
5
6
7
8
9
10
11
12
13
14
15
16
17
18
19
20
21
22
23
24
25
26
27
28
29
30
31
32
33
34
35
36
37
38
39
40
41
42
43
44
45
46
8
9
10
11
13
14
17
18
19
20
22
23
24
25
26
27
28
30
31
34
35
36
37
38
39
41
42
43
44
45
46
6
7
8
9
10
11
12
13
14
15
16
17
18
19
20
21
22
23
24
25
26
27
28
29
30
31
32
33
34
35
36
37
38
39
40
41
42
43
44
45
46
7
8
9
10
11
12
13
14
15
16
17
18
19
20
21
22
23
24
25
26
27
28
29
30
31
32
33
34
35
36
37
38
39
40
41
42
43
44
45
46
8
9
10
13
14
15
16
17
18
19
20
21
22
23
24
25
26
27
28
30
31
33
34
35
36
37
38
39
41
42
43
44
45
9
10
11
12
13
14
15
16
17
18
19
20
21
22
23
24
25
26
27
28
29
30
31
32
33
34
35
36
37
38
39
40
41
42
43
44
45
46
10
11
12
13
14
15
16
17
18
19
20
21
22
23
24
25
26
27
28
29
30
31
32
33
34
35
36
37
38
39
40
41
42
43
44
45
46
11
12
13
14
15
16
17
18
19
20
21
22
23
24
25
26
27
28
29
30
31
32
33
34
35
36
37
38
39
40
41
42
43
44
45
46
12
13
14
15
16
17
18
19
20
21
22
23
24
25
26
27
28
29
30
31
32
33
34
35
36
37
38
39
40
41
42
43
44
45
46
13
14
15
16
17
18
19
20
21
22
23
24
25
26
27
28
29
30
31
32
33
34
35
36
37
38
39
40
41
42
43
44
45
46
15
16
17
18
19
20
21
22
23
24
25
26
27
28
29
30
31
32
33
34
35
36
37
38
39
40
41
42
43
44
45
46
15
16
17
18
19
20
21
22
23
24
25
26
27
28
29
30
31
32
33
34
35
36
37
38
39
40
41
42
43
44
45
46
17
18
19
20
21
22
23
24
25
26
27
28
29
30
31
32
33
34
35
36
37
38
39
40
41
42
43
44
45
46
17
18
19
20
21
22
23
24
25
26
27
28
29
30
31
32
33
34
35
36
37
38
39
40
41
42
43
44
45
46
19
20
25
26
27
28
29
30
31
32
33
34
35
36
37
38
39
40
41
42
43
44
45
46
19
20
21
22
23
24
25
26
27
28
29
30
31
32
33
34
35
36
37
38
39
40
41
42
43
44
45
46
20
22
23
24
25
26
27
28
29
30
31
32
33
34
35
36
37
38
39
40
41
42
43
44
45
46
23
24
25
26
27
28
29
30
31
32
33
34
35
36
37
38
39
40
41
42
43
44
45
46
26
28
29
30
31
32
33
34
35
37
38
39
40
41
42
43
44
45
46
26
27
28
29
30
31
32
33
34
35
37
38
39
40
41
42
44
45
46
25
26
27
28
29
30
31
32
33
34
35
36
37
38
39
40
41
42
43
44
45
46
26
27
28
29
30
31
32
33
34
35
36
37
38
39
40
41
42
43
44
45
46
27
28
29
30
31
32
33
34
35
36
37
38
39
40
41
42
43
44
45
46
27
28
29
30
31
32
33
34
35
36
37
38
39
40
41
42
43
44
45
46
28
29
30
31
32
33
34
35
36
37
38
39
40
41
42
43
44
45
46
29
30
31
32
33
34
35
36
37
38
39
40
41
42
43
44
45
46
30
31
32
33
34
35
36
37
38
39
40
41
42
43
44
45
46
32
33
35
36
37
38
39
40
41
42
43
44
45
46
32
33
34
35
36
37
38
39
40
41
42
43
44
45
46
33
34
35
36
37
38
39
40
41
42
43
44
45
46
34
35
36
37
38
39
40
41
42
43
44
45
46
35
36
37
38
39
40
41
42
43
44
45
46
36
37
38
39
40
41
42
43
44
45
46
39
40
42
43
44
46
38
39
40
41
42
43
44
45
46
39
40
41
42
43
44
46
40
41
42
43
44
45
46
41
42
43
44
45
42
43
44
45
46
43
44
45
46
44
45
46
45
46
46
