1
1
2
3
3
4
4
5
5
5
5
5
5
5
6
7
9
9
9
9
9
9
9
9
9
9
9
9
9
9
9
9
9
9
9
9
9
9
9
9
9
9
9
9
9
9
10
12
13
13
13
13
13
13
14
14
14
14
14
14
14
14
14
14
14
15
15
16
16
17
18
19
19
19
19
19
19
19
19
19
19
19
21
21
21
21
21
21
21
21
21
21
21
22
23
23
23
23
24
24
24
24
24
25
26
26
26
26
26
27
27
27
27
27
27
27
27
27
27
27
27
27
27
27
27
27
27
27
27
27
27
27
27
27
27
28
28
33
33
34
34
34
34
34
34
34
34
35
35
35
35
35
36
36
38
38
38
38
38
38
38
39
39
39
39
39
39
39
39
39
39
39
39
39
40
40
40
40
40
40
40
40
40
40
40
40
40
40
40
41
41
43
43
43
43
43
43
43
43
43
43
43
43
44
44
44
45
45
45
48
48
48
48
48
48
48
48
48
48
48
49
49
49
49
49
49
49
50
50
50
50
50
50
51
75
76
79
81
84
85
118
125
126
128
133
133
143
