2
3
5
6
7
8
9
10
12
13
26
29
12
14
15
16
19
86
22
85
87
88
18
21
23
30
32
44
48
59
60
61
64
65
66
72
77
26
33
34
89
31
73
76
78
79
99
100
25
26
27
28
35
36
101
39
45
46
52
62
69
71
90
98
55
36
101
38
46
47
48
49
69
92
93
68
90
94
41
42
43
48
49
50
51
42
43
43
45
48
52
62
65
69
48
47
48
49
51
52
55
56
69
90
95
48
49
49
50
51
52
55
56
69
90
91
94
50
51
52
69
90
94
96
51
52
90
91
53
54
55
90
54
97
69
71
58
60
63
67
65
73
69
70
71
80
84
90
98
90
94
98
75
77
78
78
79
99
81
82
83
84
82
83
83
86
87
88
87
88
88
94
95
96
93
96
