9
39
21
5
21
27
45
8
47
92
26
9
10
11
17
20
29
31
33
37
49
55
56
63
66
71
72
78
111
112
113
120
145
149
151
156
157
158
159
162
165
176
108
34
21
39
38
49
60
86
94
96
98
155
180
27
27
21
39
89
93
104
105
115
117
172
32
34
57
67
68
70
75
101
109
119
123
35
27
73
39
95
26
27
28
30
36
50
59
63
76
77
83
84
87
100
103
114
118
132
136
140
142
163
170
174
175
177
181
80
164
41
46
52
121
127
131
152
153
39
160
166
42
122
133
134
138
40
43
48
49
53
90
124
128
130
143
147
148
179
43
48
54
62
88
91
107
125
126
129
135
161
167
168
169
106
138
48
53
61
64
74
97
99
124
147
149
161
171
65
110
182
69
118
140
53
58
63
82
116
139
143
144
146
147
150
50
63
71
158
159
160
178
77
84
137
141
152
154
129
102
77
173
160
160
160
140
161
161
147
155
158
146
