21
22
48
59
60
61
64
65
74
106
108
133
146
74
28
48
53
89
93
120
131
59
59
26
26
26
98
74
16
74
74
74
62
94
95
118
125
145
64
91
92
132
33
61
121
122
128
48
74
48
48
61
61
74
90
56
65
66
68
69
76
80
140
64
98
59
64
74
60
48
50
77
81
84
98
103
111
115
141
64
61
107
108
114
122
126
129
88
89
93
98
103
120
130
131
55
57
67
70
75
90
98
101
127
142
57
67
70
75
90
98
101
127
142
57
66
67
68
69
75
76
78
79
80
86
101
113
114
140
64
65
66
67
68
69
70
72
74
75
76
78
79
80
86
87
90
91
92
97
98
99
100
101
108
113
114
119
123
127
129
132
133
139
140
142
143
60
61
62
63
64
65
77
81
84
85
106
108
111
115
133
141
143
144
146
61
64
65
70
77
81
84
106
108
111
115
133
146
64
65
67
70
74
75
79
85
86
90
102
106
107
108
113
114
123
126
127
129
133
146
63
65
108
118
133
143
144
146
65
102
107
108
122
126
128
129
133
143
144
65
70
74
75
77
81
84
85
97
98
99
100
102
106
107
108
111
115
126
129
133
139
141
143
70
74
75
85
90
97
98
99
100
106
108
111
118
119
127
129
133
139
141
143
144
146
67
68
69
75
76
78
79
80
86
101
113
114
140
68
69
70
72
74
75
76
78
79
80
86
87
90
98
99
101
113
114
119
123
127
139
140
142
69
75
76
78
79
80
86
101
113
114
140
75
76
78
79
80
86
101
113
114
140
72
74
75
78
79
86
87
90
97
98
99
101
108
113
114
119
123
127
139
142
74
75
78
86
87
90
99
113
114
119
127
139
74
137
138
75
78
86
87
88
90
97
98
99
100
108
113
114
119
123
127
129
130
133
137
138
139
143
76
78
79
80
86
87
90
91
92
97
98
99
100
101
102
107
108
113
114
119
122
123
126
127
129
132
133
139
140
142
143
78
79
80
86
101
113
114
140
81
84
108
111
115
79
80
86
87
90
99
101
113
114
119
127
139
140
80
86
90
101
113
114
123
127
140
86
101
113
114
140
84
108
111
115
108
111
115
106
108
87
90
99
101
113
114
119
123
127
139
140
90
97
99
113
114
119
127
139
89
93
98
103
120
130
131
93
98
103
120
130
131
97
98
99
101
108
113
114
119
123
126
127
139
142
92
132
132
98
103
120
130
131
95
118
125
145
146
118
125
145
146
98
99
100
108
119
127
129
133
139
143
99
100
101
103
108
119
120
127
129
130
131
133
139
142
143
100
108
113
114
119
126
127
129
133
139
143
108
129
133
139
143
113
114
127
140
142
107
108
114
122
126
128
129
120
130
131
108
133
146
108
114
122
126
128
129
111
115
118
119
126
127
129
133
139
141
143
144
146
115
133
141
114
119
123
127
139
140
119
122
123
126
127
129
139
140
125
133
145
146
123
127
139
130
131
122
126
126
128
129
127
145
146
128
129
139
142
129
133
139
143
131
139
141
143
144
146
138
143
144
146
